ADC_VOLTAGE_MULT=12.000000000000
ADC_CURRENT_MULT=32.000000000000
ADC_LOW_PASS=3.000000000000
IMU_ROT_11=1.000000000000
IMU_ROT_12=0.000000000000
IMU_ROT_13=0.000000000000
IMU_ROT_21=0.000000000000
IMU_ROT_22=1.000000000000
IMU_ROT_23=0.000000000000
IMU_ROT_31=0.000000000000
IMU_ROT_32=0.000000000000
IMU_ROT_33=1.000000000000
IMU_SAMPLE_FREQ=1000.000000000000
IMU_MADGWICK_BETA=0.009999999776
IMU_ACC_LOW_PASS=100.000000000000
IMU_GYRO_LOW_PASS=200.000000000000
IMU_ACC_BIAS_LOW_PASS=5.000000000000
IMU_GYRO_BIAS_LOW_PASS=5.000000000000
IMU_ACC_X_BIAS=0.0
IMU_ACC_Y_BIAS=0.0
IMU_ACC_Z_BIAS=0.0
IMU_GYRO_X_BIAS=0.000492494146
IMU_GYRO_Y_BIAS=0.003100833623
IMU_GYRO_Z_BIAS=0.001042353688
CTRL_SAMPLE_FREQ=1000.000000000000
CTRL_ARM_LENGTH=0.125000000000
CTRL_MIN_THRUST=0.009999999776
CTRL_MAX_THRUST=30.000000000000
CTRL_MAX_RATE=5.000000000000
CTRL_MAX_ACCELERATION=10.000000000000
CTRL_ACC_FILTER=0.029999999329
CTRL_DESCENT_INIT_ACC=9.000000000000
CTRL_DESCENT_INIT_DUR=0.200000002980
CTRL_DESCENT_ACC=9.300000190735
CTRL_DETECTION_FILTER=0.003000000026
CTRL_GROUND_DETECTION=40.000000000000
CTRL_DESCENT_TIMEOUT=3.000000000000
CTRL_FLYAWAY_TIMEOUT=15.000000000000
CTRL_PRESS_FILTER=0.500000000000
CTRL_B_W_X_KP=0.200000002980
CTRL_B_W_X_TI=0.000000000000
CTRL_B_W_X_TD=0.000000000000
CTRL_B_W_Y_KP=0.200000002980
CTRL_B_W_Y_TI=0.000000000000
CTRL_B_W_Y_TD=0.000000000000
CTRL_B_W_Z_KP=0.100000001490
CTRL_B_W_Z_TI=0.000000000000
CTRL_B_W_Z_TD=0.000000000000
CTRL_Q_EB_X_KP=10.000000000000
CTRL_Q_EB_X_TI=0.000000000000
CTRL_Q_EB_X_TD=0.000000000000
CTRL_Q_EB_Y_KP=10.000000000000
CTRL_Q_EB_Y_TI=0.000000000000
CTRL_Q_EB_Y_TD=0.000000000000
CTRL_E_V_X_KP=1.000000000000
CTRL_E_V_X_TI=0.000000000000
CTRL_E_V_X_TD=0.000000000000
CTRL_E_V_Y_KP=1.000000000000
CTRL_E_V_Y_TI=0.000000000000
CTRL_E_V_Y_TD=0.000000000000
CTRL_E_V_Z_KP=1.000000000000
CTRL_E_V_Z_TI=0.000000000000
CTRL_E_V_Z_TD=0.000000000000
CTRL_E_A_Z_KP=2.500000000000
CTRL_E_A_Z_TI=0.000000000000
CTRL_E_A_Z_TD=0.000000000000
MOTOR_MIN_THROTTLE=40.000000000000
MOTOR_MAX_THROTTLE=1950.000000000000
MOTOR_CT=0.0000015621
MOTOR_C1=0.000077486
MOTOR_C2=0.003
MOTOR_POLE_PAIRS=7.000000000000
MOTOR_0_SPIN_DIR=1.000000000000
MOTOR_1_SPIN_DIR=1.000000000000
MOTOR_2_SPIN_DIR=1.000000000000
MOTOR_3_SPIN_DIR=1.000000000000
MOTOR_CLOSED_LOOP=1.000000000000
MOTOR_SPEED_KP=3.000000000000
MOTOR_SPEED_TI=0.05000000
MOTOR_SPEED_TD=0.000000000000
MOTOR_COMP_KI=-1.000000000000
MOTOR_COMP_LIMIT=0.200000002980
PROP_CD=0.0122
MOTOR_0_PORT=3.000000000000
MOTOR_1_PORT=0.000000000000
MOTOR_2_PORT=2.000000000000
MOTOR_3_PORT=1.000000000000
MESSAGE_TIMEOUT=0.200000002980
MIN_BAT_VOLT=10.000000000000
FEEDBACK_FREQ=500.000000000000
ARM_TIMEOUT=30.000000000000
OVERRIDE_TIMEOUT=0.025000000373
LOGGER_FREQ=400.000000000000
ENABLE_EMERGENCY=1.000000000000
HOVER_THRUST=6.000000000000
TIME_SYNC_CLOCK_VAR=0.000000000100
TIME_SYNC_RATIO_VAR=0.500000000000
TIME_SYNC_CLOCK_NOISE=10.000000000000
TIME_SYNC_RATIO_NOISE=0.000099999997
TIME_SYNC_MEAS_NOISE=10000.000000000000
TIME_SYNC_MSG_DELAY=10000.000000000000
TIME_SYNC_TIMEOUT=2999999.750000000000
TIME_SYNC_GPS=-1.000000000000
MAP_THRUST=30.000000000000
MAP_BODY_RATE_X=6.000000000000
MAP_BODY_RATE_Y=6.000000000000
MAP_BODY_RATE_Z=-6.000000000000
MAP_ATTITUDE_X=1.570796370506
MAP_ATTITUDE_Y=1.570796370506
THR_MID=0.500000000000
THR_EXPO=0.000000000000
RC_RATE_X=0.600000023842
SUPER_RATE_X=0.400000005960
RC_EXPO_X=0.400000005960
RC_RATE_Y=0.600000023842
SUPER_RATE_Y=0.400000005960
RC_EXPO_Y=0.400000005960
RC_RATE_Z=0.600000023842
SUPER_RATE_Z=0.400000005960
RC_EXPO_Z=0.400000005960
